[bodies.massive]
Sun   = 1.98855e30
Earth = 5.97219e24
Mars = 6.4171e23


